netprofit=0.444045
injectCount=0.244566
exposeCount=0.244566
filmCount=0.244566